Matrix A:
45	36	32	16	13	18	
46	13	1	26	10	32	
9	23	27	14	48	43	
5	31	38	24	41	49	
31	32	1	27	33	47	
10	33	17	40	39	45	

Matrix B:
40	18	2	1	27	3	
40	12	40	38	21	36	
17	35	5	22	3	30	
9	20	1	35	39	42	
27	41	14	10	2	10	
14	8	28	24	23	27	

A x B: 
4531	3359	2392	3239	3131	3679	
3329	2205	1679	2340	3288	2692	
3763	3975	2963	3479	2438	3894	
4095	4345	3410	4445	3045	5012	
4329	3246	3152	3672	3712	4008	
4052	3930	3271	4508	3687	5013	
A + B: 
85	54	34	17	40	21	
86	25	41	64	31	68	
26	58	32	36	51	73	
14	51	39	59	80	91	
58	73	15	37	35	57	
24	41	45	64	62	72	
